ASV inference stats: Number of 16S rRNA amplicon read pairs and filtering overview						
						
Sample ID	input read pairs	read pairs kept after filtering	Forward reads denoised	Reverse reads denoised	Merged reads	Non-chimeric ASVs
SMAQ_R1_1	183402	153076	151587	151885	142523	102700
SMAQ_R1_2	191258	164357	163705	163552	157079	107526
SMAQ_R1_3	176930	144980	144455	144311	138362	100271
SMAQ_R1_4	158056	136938	136227	136276	132102	100500
SMAQ_R1_5	214397	185946	184524	184775	174337	123013
SMAQ_R1_6	167933	143730	142633	142940	135708	108119
SMAQ_R1_7	164267	136331	135767	135605	130787	100296
SMAQ_R1_8	108435	93436	92918	92951	89334	72337
SMAQ_R1_10	203717	172116	169771	169374	146186	69085
SMAQ_R1_11	177959	154878	154291	154512	152593	135328
SMAQ_R1_12	222534	190164	189377	189351	180348	120341
SMAQ_R1_13	323432	281049	279996	279993	271718	209448
SMAQ_R1_14	213588	143437	142074	142574	134422	89597
SMAQ_R1_15	212216	181298	180039	180468	171959	129477
SMAQ_R1_16	155957	129550	128980	128633	123165	93226
SMAQ_R1_17	347	177	151	149	121	121
SMAQ_R1_18	462	236	182	184	134	134
SMAQ_R1_19	197748	166608	166238	166253	161532	112005
SMAQ_R1_21	218717	185883	185139	184842	179390	128872
SMAQ_R1_22	154682	135162	134812	134602	130114	91509
SMAQ_R1_23	217244	186499	185857	185564	177232	110598
SMAQ_R1_24	182911	155507	155143	154999	151593	109374
SMAQ_R1_25	182088	155312	154450	154227	149374	110651
SMAQ_R1_28	213009	180913	180114	180174	173960	133161
SMAQ_R1_29	257762	215128	214387	214047	208006	141614
SMAQ_R2_16	153108	126593	126318	126354	124863	108773
SMAQ_R2_33	168759	135147	134815	134911	132839	108922
SMAQ_R2_3	188946	163592	163313	163088	160479	135124
SMAQ_R2_6	196032	170124	169931	169854	167661	145396
SMAQ_R2_7	182010	156586	156212	156083	152495	115183
SMAQ_R2_8	207551	178081	177403	177282	173044	138600
SMAQ_R2_9	200190	172931	172525	172482	170100	139214
SMAQ_R2_10	215788	188619	188374	188330	185624	161380
SMAQ_R2_11	198872	172121	171882	171799	169779	140915
SMAQ_R2_13	165961	139697	139368	139422	136842	112301
SMAQ_R2_14	246923	212064	211655	211795	205831	158481
SMAQ_R2_15	120305	102703	102284	102235	99539	82211
SMAQ_R2_1	117524	97935	97723	97453	94987	79798
SMAQ_R2_17	183355	149929	149255	148755	143493	110186
SMAQ_R2_18	146714	125402	124804	124617	121265	94954
SMAQ_R2_20	137499	119130	118724	118745	115549	100712
SMAQ_R2_37	85559	70748	70621	70534	69550	52331
SMAQ_R2_22	167623	141560	138817	139820	128248	92134
SMAQ_R2_24	248057	211633	210952	210796	205044	153229
SMAQ_R2_40	77394	48716	48602	48270	47412	34504
SMAQ_R2_27	104811	85347	85117	85056	83277	68208
SMAQ_R2_28	154169	128942	128475	128341	124768	88614
SMAQ_R2_29	115910	99499	99280	99292	98103	86415
SMAQ_R2_30	208210	172139	171404	171358	166057	134228
SMAQ_R2_31	227219	149750	149483	149473	147750	125251
SWAJ_R1_23	266251	218757	217658	217358	207878	144051
SWAJ_R1_24	161231	138481	137785	137815	131722	98442
SWAJ_R1_25	197523	172507	171356	171149	162746	110892
SWAJ_R1_26	141517	120061	119023	119075	113131	73493
SWAJ_R1_27	196377	166423	163140	163800	149366	103914
SWAJ_R1_28	194587	167543	166039	166100	154752	112581
SWAJ_R1_29	244262	207692	206414	206396	187282	146404
SWAJ_R1_30	209413	180879	179903	180000	171447	133828
SWAJ_R1_31	196851	168649	167195	167236	156462	125506
SWAJ_R1_32	243778	205658	204243	204223	173211	128902
SWAJ_R1_33	166793	138872	137040	137362	122430	72064
SWAJ_R1_34	146269	124761	123792	123791	117338	86979
SWAJ_R1_35	185265	149891	146617	147378	125760	87732
SWAJ_R1_36	164869	140581	138701	138815	128821	99061
SWAJ_R1_37	172929	149624	148324	148374	140211	103994
SWAJ_R1_38	84256	72292	71414	71268	66255	51714
SWAJ_R1_39	192695	165331	163916	164041	153625	117606
SWAJ_R1_40	167661	142946	141543	141217	131380	93628
SWAJ_R1_50	174445	151107	150229	150410	144431	117438
SWAJ_R1_42	205126	133349	132008	132053	121795	91959
SWAJ_R1_43	181216	154965	153307	153161	142114	114532
SWAJ_R1_44	199127	169338	166591	167024	150307	107599
SWAJ_R1_45	144970	122119	120860	121018	111450	90182
SWAJ_R1_46	171950	145192	144110	143897	134403	88760
SWAJ_R1_47	174598	139300	136180	137037	115152	73204
SWAJ_R3_1	124067	104219	103701	103700	101171	80230
SWAJ_R3_2	149171	125168	124803	124788	122580	95984
SWAJ_R3_3	94839	80232	80016	80062	78826	69392
SWAJ_R3_4	114436	94267	94150	93914	92822	66162
SWAJ_R3_5	107070	86223	86064	85810	84855	54610
SWAJ_R3_6	112852	92884	92557	92450	90741	66736
SWAJ_R3_7	178951	143782	142993	142275	133860	77483
SWAJ_R3_8	108514	91211	90978	90993	89756	76281
SWAJ_R3_9	218265	121647	121346	121374	120407	105425
SWAJ_R3_10	139453	112577	111891	111866	108247	86170
SWAJ_R3_11	154182	129034	128628	128648	125048	91888
SWAJ_R3_12	139263	103724	103363	103328	100584	77473
SWAJ_R3_13	120182	92497	92156	92177	90327	70587
SWAJ_R3_14	97234	80808	80357	80394	77923	60366
SWAJ_R3_15	141973	114178	113018	113167	108756	83009
SWAJ_R3_16	102138	81371	81127	81134	80510	69061
SWAJ_R3_17	88998	70222	69922	69618	67670	44902
SWAJ_R3_18	84851	67903	67432	67473	64899	51478
SWAJ_R3_19	166963	137552	137197	137059	135377	93134
SWAJ_R3_20	167495	132114	131531	131511	129025	90553
SWAJ_R3_21	142056	109385	109009	109099	107686	91335
SWAJ_R3_22	227295	154543	153835	153889	149993	120196
SWAJ_R3_23	139705	113278	112503	112565	108747	73349
SWAJ_R3_24	187297	122198	121854	121784	120311	104143
SWAJ_R3_25	122510	87087	86877	86766	85852	75604
SWAJ_R4_1	145253	115675	114593	114686	109826	87611
SWAJ_R4_2	164446	132101	127678	129179	110024	71284
SWAJ_R4_3	161045	129439	128861	128840	125527	95164
SWAJ_R4_4	187060	143163	141810	142159	135565	101429
SWAJ_R4_5	188483	144185	143223	143378	138845	103098
SWAJ_R4_6	132575	99948	98939	99074	93993	65334
SWAJ_R4_7	161022	121948	120968	120873	115700	87344
SWAJ_R4_8	148110	93720	93215	93379	90662	73677
SWAJ_R4_9	258265	200265	198897	199305	191116	134158
SWAJ_R4_10	141664	114348	113608	113690	109496	75020
SWAJ_R4_11	135772	112907	112376	112314	108373	91062
SWAJ_R4_13	88352	73549	72795	72852	69734	55144
SWAJ_R4_14	156544	128416	127810	127900	123590	95720
SWAJ_R4_15	177637	144927	143519	143506	133779	81969
SWAJ_R4_17	71134	60417	59659	59686	55371	42706
SWAJ_R4_18	112962	90151	89415	89394	85599	65811
SWAJ_R4_19	135641	113537	112678	112209	105561	66616
SWAJ_R4_20	129579	106737	104939	105025	97718	64720
SWAJ_R4_21	151579	120622	119115	119136	111945	87316
SWAJ_R4_23	201514	161058	159687	159766	152488	108544
SWAJ_R4_24	311586	261985	258792	259347	240762	167638
SWAJ_R4_25	309896	264522	262582	262888	250693	182940
SWAJ_R4_26	223979	189240	188040	187960	179081	127155
SWAJ_R4_27	178273	153191	152088	152117	145387	103871
SWAJ_R4_30	195974	164921	164347	164271	159525	122929
SYAN_R1_1	210785	169470	168468	168699	163567	134217
SYAN_R1_2	181093	153287	152106	151948	143387	86665
SYAN_R1_3	219861	184458	183716	183658	178660	140668
SYAN_R1_5	206126	173749	172743	172774	166233	125344
SYAN_R1_6	219202	180707	179363	179259	170480	106106
SYAN_R1_7	225387	185748	184860	184802	179108	131407
SYAN_R1_29	270374	28090	28036	27827	27756	24134
SYAN_R1_9	53591	43849	43233	43341	40537	35369
SYAN_R1_10	167088	138463	136187	136605	123537	68420
SYAN_R1_11	164368	140553	139517	139525	132872	101116
SYAN_R1_12	150784	128898	126536	126895	116884	89375
SYAN_R1_13	185840	156501	153959	154308	142931	102286
SYAN_R1_14	190456	157256	154201	155345	140737	101790
SYAN_R1_15	134469	115381	114145	114327	106832	84147
SYAN_R1_16	182958	152438	150622	151058	141152	95543
SYAN_R1_30	136045	114965	113242	113431	105869	81780
SYAN_R1_18	151072	127128	126012	125770	119588	82849
SYAN_R1_19	169607	137011	135123	135555	126798	88552
SYAN_R1_20	176312	148749	147033	147589	138962	111284
SYAN_R1_21	219592	185992	183890	183966	172905	123473
SYAN_R1_22	184471	153499	151471	151507	140656	82843
SYAN_R1_23	207017	172878	171580	171772	163354	117254
SYAN_R1_24	129309	109324	108544	108534	103746	70801
SYAN_R1_25	228252	191761	190553	190344	183396	131601
SYAN_R1_26	263708	215364	212835	213012	200743	148767
SYAN_R3_1	168759	138793	138369	138284	134932	106049
SYAN_R3_2	218300	180975	179237	178803	168962	119439
SYAN_R3_3	189565	155977	155085	155115	149937	118240
SYAN_R3_4	224393	193220	192113	192189	185614	151970
SYAN_R3_6	196037	159677	159357	159383	154746	126904
SYAN_R3_7	192906	160262	159235	159136	153755	112399
SYAN_R3_8	198677	157246	155685	156010	149555	108058
SYAN_R3_9	193383	163959	162234	162504	151489	111034
SYAN_R3_10	134121	115689	115035	114977	111015	84924
SYAN_R3_11	109403	91738	90836	91120	87236	63941
SYAN_R3_12	119360	101819	101428	101427	98965	81485
SYAN_R3_13	203004	170841	168401	169586	156528	124881
SYAN_R3_14	155878	128950	128327	128468	124361	90635
SYAN_R3_15	192212	161115	160179	160298	154159	122155
SYAN_R3_16	166207	136098	134579	134877	127180	76410
SYAN_R3_17	192048	159966	158796	158895	155315	68876
SYAN_R3_18	133607	106552	106049	106034	100893	85230
SYAN_R3_19	182662	148145	146417	146839	140413	92573
SYAN_R3_20	226683	118304	117437	117509	114950	100075
SYAN_R3_21	132272	112588	111898	111963	108588	76625
SYAN_R3_22	151147	123556	123278	122894	120741	75982
SYAN_R3_23	199628	168620	167758	167758	161925	129194
SYAN_R3_24	132337	112065	111362	111536	107422	80172
SYAN_R3_25	166587	141677	140678	140697	134546	99482
SYAN_R3_26	145844	125130	124393	124382	119405	82053
SYAN_R4_1	168066	139805	139427	139584	137665	98394
SYAN_R4_2	178000	152234	151856	151926	149003	118852
SYAN_R4_3	151924	117402	117012	116848	115105	73520
SYAN_R4_4	162336	136355	136017	135952	133480	113460
SYAN_R4_5	165738	133076	132269	132512	129653	101885
SYAN_R4_6	209927	143599	142829	143033	139276	114019
SYAN_R4_7	172644	139679	138989	138975	136544	109383
SYAN_R4_8	177769	147849	146568	146625	140424	106170
SYAN_R4_9	169212	143331	142063	142066	135279	109766
SYAN_R4_10	192328	158383	158033	157931	155105	120705
SYAN_R4_11	202662	161862	161177	161369	155167	118581
SYAN_R4_12	136319	113820	113328	113399	110839	93908
SYAN_R4_13	220322	182577	181877	181842	176830	142243
SYAN_R4_14	163216	133066	132051	131955	125641	106175
SYAN_R4_15	177855	150724	150079	149795	144023	105720
SYAN_R4_16	174031	143299	142767	142597	137977	106060
SYAN_R4_17	210024	165385	164864	164714	160504	123789
SYAN_R4_18	291948	242321	241642	241705	234214	204133
SYAN_R4_19	186707	155973	155114	155106	148970	115264
SYAN_R4_20	221039	177333	176543	176360	168453	120171
SYAN_R4_21	142172	117416	117129	117081	109646	86317
SYAN_R4_22	251723	211404	210634	210187	203332	149185
SYAN_R4_23	210146	175008	174441	174518	170021	120487
SYAN_R4_24	181522	154636	153604	153511	146192	88421
SYAN_R4_25	164268	141731	141259	141189	137701	98518
SKAU_R1_1	185193	158207	157130	157326	150942	107179
SKAU_R1_2	217611	180968	180031	179954	172355	136894
SKAU_R1_3	181553	151982	150983	150754	137614	101387
SKAU_R1_4	223618	178484	176431	176381	165794	108179
SKAU_R1_5	191022	153111	151915	151738	143168	96372
SKAU_R1_6	182925	152368	147861	148740	131951	103874
SKAU_R1_7	124978	99705	98667	98842	92696	70892
SKAU_R1_8	178041	144600	143917	144033	140420	87157
SKAU_R1_9	237080	196278	195142	195234	187964	109064
SKAU_R1_10	225428	193928	192082	192141	180453	139958
SKAU_R1_12	234048	199606	198386	198464	190078	145682
SKAU_R1_14	191838	162462	160929	160873	153430	107717
SKAU_R1_15	206360	173218	172505	172258	165816	108790
SKAU_R1_16	185515	157753	156265	156303	148816	116220
SKAU_R1_17	192594	160807	160145	160306	156505	120578
SKAU_R1_19	197186	170165	169308	169548	162037	127821
SKAU_R1_20	185199	156070	151933	153203	135987	113358
SKAU_R1_21	152122	128045	127130	127193	119852	70043
SKAU_R1_22	94440	79182	78629	78688	75084	63233
SKAU_R1_23	161066	127556	126999	127034	122558	91095
SKAU_R1_24	272382	232203	227342	228411	204267	153065
SKAU_R1_25	226045	197716	196557	196744	189058	156225
SKAU_R1_27	202505	175275	173857	173978	165188	121617
SKAU_R1_28	172667	142827	141972	141809	135792	97487
SKAU_R1_29	204855	176318	174953	174844	164286	113872
SKAU_R2_1	170194	140110	129108	133671	101724	77607
SKAU_R2_2	216313	185931	185360	185023	179642	141949
SKAU_R2_3	242602	203771	202554	202343	193928	127697
SKAU_R2_4	564156	477661	475016	475124	454724	326772
SKAU_R2_5	233751	197708	196633	196406	187659	130354
SKAU_R2_6	206015	162587	161174	161125	150035	97817
SKAU_R2_7	219580	193027	191636	191792	183355	141545
SKAU_R2_8	354155	301312	300577	300321	294497	221124
SKAU_R2_9	287945	251893	251445	251146	244687	194643
SKAU_R2_10	288488	251212	250007	249777	240757	184277
SKAU_R2_13	285608	248002	247289	247128	240462	196421
SKAU_R2_15	209902	172472	172053	171907	168904	144829
SKAU_R2_16	152036	128000	127147	127223	123138	94780
SKAU_R2_18	388	179	125	133	116	116
SKAU_R2_19	275095	213247	212742	212694	209346	141484
SKAU_R2_20	299445	236937	235791	236034	230632	169399
SKAU_R2_22	175819	148386	147810	147720	142100	102186
SKAU_R2_23	235498	190942	190242	190329	183181	144580
SKAU_R2_25	202704	172833	172182	172058	165688	120170
SKAU_R2_26	267247	227184	226466	226504	220919	175282
SKAU_R2_28	202845	173835	171298	171778	159762	126273
SKAU_R2_29	226791	190581	189925	189822	185044	143191
SKAU_R2_31	156678	131727	130718	130676	123361	76115
SKAU_R2_32	193595	169091	168208	167862	161626	115795
SKAU_R2_33	172478	150089	149089	149110	144004	118032
SKAU_R3_1	267773	228553	226394	226207	208579	140738
SKAU_R3_2	5146	212	153	146	46	46
SKAU_R3_4	220338	177062	176176	176312	171114	132216
SKAU_R3_7	222265	174050	172254	172369	160705	104977
SKAU_R3_11	252459	204954	202869	202920	190759	141431
SKAU_R3_32	240864	194323	192911	193090	184214	131042
SKAU_R3_33	210129	174184	172323	172318	161409	89730
SKAU_R3_35	190384	160343	159283	159342	152901	104543
SKAU_R3_36	258045	218357	217361	217079	203986	127984
SKAU_R3_37	288407	240328	239066	238728	229638	151965
SKAU_R3_39	354446	296678	294913	295222	283993	197850
SKAU_R3_40	277515	229879	229248	228986	222207	166943
SKAU_R3_41	313844	262977	260091	260418	238384	156503
SKAU_R3_43	393555	329687	327730	328088	315853	198920
SKAU_R3_44	263765	217509	216048	216149	205230	148683
SKAU_R3_47	236132	190451	188907	188421	177861	93969
SKAU_R3_48	323539	234551	233526	233233	213178	151582
SKAU_R3_50	184263	159657	158634	158468	152123	104822
SKAU_R3_51	207890	174562	172822	172964	164249	102942
SKAU_R3_52	159456	132477	131655	131606	126700	81447
SKAU_R3_54	267176	222879	221337	220851	211859	123474
SKAU_R3_55	146152	121742	119921	120065	113491	79172
SKAU_R3_56	324182	267372	265617	265787	255040	164200
SKAU_R3_58	212736	177087	176302	176411	171850	115294
SKAU_R3_59	220128	174594	173031	173357	165933	82350
SDOG_R1_1	229323	192106	191645	191708	189873	156924
SDOG_R1_2	187190	156772	155663	155950	149270	118601
SDOG_R1_3	133071	106008	105037	105296	99770	73204
SDOG_R1_4	127039	101665	100516	100794	94850	75428
SDOG_R1_6	124386	105548	104747	104885	100584	77970
SDOG_R1_7	138247	118668	116509	116874	107622	73776
SDOG_R1_8	121436	95612	95223	95080	93070	79082
SDOG_R1_9	94102	78112	77144	77316	73669	51466
SDOG_R1_10	118244	96796	95741	95953	92164	72885
SDOG_R1_13	251993	212491	211308	211176	202404	147028
SDOG_R1_14	155911	130631	129354	129648	123382	89353
SDOG_R1_15	153143	127473	126674	126736	121672	87518
SDOG_R1_16	197894	163917	162442	162444	154887	110135
SDOG_R1_17	183793	148907	148211	148307	143854	113882
SDOG_R1_18	118611	98607	97882	98015	94866	77028
SDOG_R1_19	105257	84846	83362	83559	78401	64155
SDOG_R1_20	107698	91067	88152	88911	77509	54088
SDOG_R1_21	115811	94026	93361	93435	91041	72793
SDOG_R1_22	118384	98197	96489	96525	88351	59902
SDOG_R1_24	131387	109086	107687	107797	101783	73152
SDOG_R1_25	108230	88874	87023	87363	79896	59747
SDOG_R1_26	114405	94908	93991	94088	89030	66516
SDOG_R1_28	108938	94188	92730	92733	87039	69108
SDOG_R1_29	101889	84659	83685	83626	78949	51292
SDOG_R1_30	113334	90597	88562	88754	81226	56422
SDOG_R2_1	123174	95430	94891	94840	91565	72574
SDOG_R2_2	91911	75495	74612	74766	70340	47296
SDOG_R2_3	77080	59295	58976	58897	57482	44527
SDOG_R2_4	106911	92701	91971	91794	87560	63303
SDOG_R2_5	87863	72237	71399	71515	68107	50488
SDOG_R2_6	112427	94247	93716	93584	90113	68446
SDOG_R2_7	88324	74517	73996	73885	71297	53425
SDOG_R2_8	91478	73373	72451	72590	64085	33968
SDOG_R2_11	131238	109586	109074	109055	105776	84258
SDOG_R2_13	81656	69870	69261	69361	66573	52246
SDOG_R2_14	115128	97105	96684	96713	93380	72281
SDOG_R2_15	134034	101742	101263	101399	99399	74378
SDOG_R2_16	160957	118986	117935	118101	112988	82903
SDOG_R2_17	82748	66262	65581	65554	62843	44073
SDOG_R2_18	104805	84326	83195	83320	78292	55171
SDOG_R2_19	66608	56768	55872	56036	52093	36982
SDOG_R2_21	100806	84693	83494	83579	78091	63219
SDOG_R2_22	94175	78601	77052	77293	71119	49216
SDOG_R2_23	84657	73283	72372	72432	67838	51013
SDOG_R2_24	107627	85030	84042	83785	79086	57206
SDOG_R2_26	86015	71751	71302	71136	67855	45027
SDOG_R2_27	78198	64841	63779	63837	59394	42752
SDOG_R2_28	61083	52678	52097	52225	49812	40757
SDOG_R2_29	75480	61917	61359	61061	57880	39971
SDOG_R2_30	188529	156796	154655	154710	141082	90755
SDOG_R3_2	155862	128162	127136	127191	118584	72841
SDOG_R3_3	144266	119501	113844	115515	87827	43688
SDOG_R3_4	134512	115496	114849	114446	112077	73802
SDOG_R3_5	197551	164368	163947	163697	160820	123106
SDOG_R3_6	168302	138658	137860	137626	131951	88528
SDOG_R3_7	152331	134102	133500	133556	130263	110199
SDOG_R3_8	153501	125679	124277	124315	116352	80910
SDOG_R3_9	273551	230332	229962	229547	225092	157661
SDOG_R3_10	124812	107482	106676	106646	102521	83193
SDOG_R3_11	115711	95694	94974	94896	89794	64965
SDOG_R3_12	129925	105452	104320	104334	99651	66190
SDOG_R3_13	217248	165048	164302	164276	161049	104019
SDOG_R3_14	68336	56674	55767	55803	52968	36454
SDOG_R3_15	110973	92762	91621	91785	86735	63176
SDOG_R3_16	146884	122259	121935	121934	120506	84719
SDOG_R3_17	137959	114658	114328	114179	111938	90138
SDOG_R3_18	97303	80674	80153	80208	77771	48331
SDOG_R3_19	110534	96256	95234	95527	90923	63477
SDOG_R3_20	75495	53817	52931	52930	49823	35466
SDOG_R3_21	196407	165265	164770	164661	160962	121629
SDOG_R3_23	149739	126113	125690	125771	123220	98946
SDOG_R3_24	85963	72337	71980	71883	69451	47126
SDOG_R3_25	143916	118319	117296	117296	112198	88854
SDOG_R3_26	642600	540394	539710	539362	526908	422301
SDOG_R3_28	457172	373385	372149	371853	365158	235628
SFAR_R1_1	275505	228899	223490	224905	190649	105629
SFAR_R1_2	209496	172236	170497	171001	162685	109906
SFAR_R1_3	200690	168248	166143	166174	154212	110021
SFAR_R1_4	214458	173600	170879	171769	158101	99812
SFAR_R1_5	239526	202753	201798	201816	196390	136756
SFAR_R1_6	133872	107767	104865	105514	94718	68716
SFAR_R1_7	127028	103124	100013	100856	85699	49007
SFAR_R1_8	169564	143389	142071	142177	136048	90103
SFAR_R1_9	102621	85081	79690	81660	60438	34543
SFAR_R1_10	166871	136212	133518	134274	123456	82837
SFAR_R1_11	114175	88489	86342	86776	78164	46269
SFAR_R1_28	109467	92202	89287	90009	75935	50030
SFAR_R1_14	121811	101483	98301	98927	83050	52462
SFAR_R1_15	51925	43970	42792	43076	39241	26861
SFAR_R1_16	92203	76447	75774	75741	72772	54013
SFAR_R1_17	128616	105764	104103	104380	96153	61064
SFAR_R1_18	96470	82110	79908	80053	72287	51163
SFAR_R1_19	98873	81651	79344	79747	68830	41270
SFAR_R1_29	79050	65516	62795	63453	51914	34142
SFAR_R1_20	91598	77246	75192	75732	64684	34021
SFAR_R1_22	92193	76905	74971	74916	66376	43276
SFAR_R1_23	113987	92525	89437	90179	79461	42392
SFAR_R1_24	114342	89862	87674	88067	79564	53124
SFAR_R1_25	87230	72784	68702	70188	54095	33390
SFAR_R1_27	98592	81481	79893	80161	74255	54641
SFAR_R2_1	101441	85130	83284	83506	75161	54867
SFAR_R2_2	79573	66462	63973	64502	54304	39481
SFAR_R2_3	81659	65406	63142	63483	57158	44209
SFAR_R2_27	80905	67860	66877	66889	63728	45731
SFAR_R2_5	115168	91604	89865	90331	83231	60756
SFAR_R2_7	85241	71436	68881	69409	60944	45219
SFAR_R2_8	107025	90559	88680	89061	82469	64239
SFAR_R2_9	164538	136978	136102	136184	132412	95673
SFAR_R2_10	106177	88662	85959	86654	75104	52801
SFAR_R2_11	333104	197377	194121	195205	179378	122549
SFAR_R2_12	122111	108698	108030	107921	105595	83624
SFAR_R2_13	357552	316990	310212	312566	269970	145433
SFAR_R2_14	252838	224721	221631	222383	211460	131013
SFAR_R2_15	97893	83029	82379	82098	80280	67192
SFAR_R2_16	455544	402856	394340	396653	344986	191329
SFAR_R2_17	342900	299228	293145	294583	264450	170307
SFAR_R2_18	255434	225257	219411	221332	200745	141461
SFAR_R2_19	268900	217313	215122	215489	206397	161239
SFAR_R2_20	327161	281023	277014	278429	256591	186300
SFAR_R2_21	210089	177085	174516	174897	165753	115405
SFAR_R2_22	18749	9874	9587	9544	9053	8502
SFAR_R2_23	178262	137008	134596	135008	124411	91009
SFAR_R2_24	383944	337963	331986	333649	304499	195007
SFAR_R2_25	167331	145182	144736	144563	141851	122777
SFAR_R2_26	365693	326014	321427	322234	300597	197768
SFAR_R3_1	177532	150864	150302	150255	148406	133166
SFAR_R3_2	417676	360157	357407	357796	345025	209710
SFAR_R3_3	226949	203046	202090	202046	197978	163690
SFAR_R3_4	253128	223439	221204	221293	211277	129947
SFAR_R3_5	424685	366379	364415	364262	350281	205765
SFAR_R3_6	171220	151767	149947	150143	142965	104565
SFAR_R3_7	174393	148533	145944	146559	136088	87161
SFAR_R3_8	225139	176782	175060	175126	167600	110016
SFAR_R3_9	353560	280142	278351	278170	268779	218746
SFAR_R3_10	375100	317199	314133	314269	295491	197511
SFAR_R3_11	423686	372335	369503	369800	354099	256079
SFAR_R3_12	324348	285731	283697	283469	272014	198620
SFAR_R3_13	395694	338746	335958	336064	322640	217609
SFAR_R3_14	236064	207077	206472	206224	203239	173291
SFAR_R3_15	366490	313345	309462	309604	291237	207296
SFAR_R3_16	295490	259660	257803	257707	245553	172459
SFAR_R3_17	242997	213453	211301	211243	198802	124617
SFAR_R3_18	202738	173267	169929	170064	156077	102989
SFAR_R3_20	309841	268707	267121	267385	257406	200926
SFAR_R3_21	251929	207135	205320	205417	196082	133531
SFAR_R3_19	501309	49033	48742	48669	47802	37482
SFAR_R4_1	291254	255328	253328	253262	242379	145242
SFAR_R4_2	342543	295520	284814	287520	211369	74546
SFAR_R4_3	210379	189588	188689	188648	181741	125725
SFAR_R4_4	351039	302506	301226	301053	292295	191350
SFAR_R4_5	340567	291384	290255	289560	279374	187675
SFAR_R4_6	360244	294970	293246	292809	278916	172665
SFAR_R4_7	207136	183731	181797	182015	171968	124353
SFAR_R4_8	203032	177718	176413	176251	168728	118371
SFAR_R4_9	212423	171125	169474	169929	162227	109954
SFAR_R4_10	404159	347727	344585	344396	325322	166207
SFAR_R4_11	323775	228148	215652	218839	169732	86575
SFAR_R4_28	368469	322875	321523	321201	312072	227395
SFAR_R4_26	333357	299270	298261	298276	292499	218163
SFAR_R4_14	434690	382753	380209	380502	366926	267217
SFAR_R4_15	276917	243959	231338	234267	182906	89066
SFAR_R4_16	187735	157931	156721	156711	146869	70525
SFAR_R4_17	389142	339959	338429	337885	325923	220791
SFAR_R4_18	305196	270196	268074	268136	255922	150467
SFAR_R4_19	177556	155080	152355	152336	140611	82142
SFAR_R4_20	199605	169140	167447	167287	159400	98073
SFAR_R4_21	340534	296953	295198	294852	284296	194203
SFAR_R4_22	230754	202183	198083	198655	174063	98339
SFAR_R4_23	312026	262890	258393	258851	228136	122727
SFAR_R4_24	327775	280849	278569	278392	266199	185169
SFAR_R4_25	577604	507821	505265	505100	484817	353047
SFAR_R4_30	552359	471212	468868	469470	451399	334216
PMAQ_R1_3	255508	229208	228496	228398	224027	187005
PMAQ_R1_4	355407	317724	317054	316878	312450	262610
PMAQ_R1_6	353120	309049	302165	303695	260088	125111
PMAQ_R1_8	158903	143641	143092	142995	139664	113225
PMAQ_R1_9	180063	159026	158383	158377	155330	130421
PMAQ_R1_10	140820	121030	120444	120243	117389	97290
PMAQ_R1_12	228117	192900	192505	192483	190506	165700
PMAQ_R1_14	396951	343436	341880	342363	336939	274388
PMAQ_R1_15	184096	151764	150933	150578	145967	112531
PMAQ_R1_16	165629	143384	142740	142735	139319	103325
PMAQ_R1_17	353741	323610	322604	322456	313406	244532
PMAQ_R1_20	361062	306479	305210	305063	296357	211850
PMAQ_R1_26	192063	173442	172878	172907	170523	137304
PMAQ_R1_27	235438	212751	211968	211833	206516	146123
PMAQ_R1_30	132692	120287	119539	119468	115615	83268
PMAQ_R2_2	148104	129845	129163	129097	125833	97949
PMAQ_R2_3	155033	137707	136691	136574	132641	95539
PMAQ_R2_4	359336	283622	282418	282405	275566	216242
PMAQ_R2_5	324917	275694	274174	274626	268799	194138
PMAQ_R2_6	367346	323883	322168	322696	315984	245233
PMAQ_R2_7	210026	168265	167494	167446	164124	130304
PMAQ_R2_10	148491	132617	131547	131464	127177	97959
PMAQ_R2_11	204395	184280	183528	183427	180020	154370
PMAQ_R2_12	124878	110005	108951	108733	105458	81837
PMAQ_R2_13	175195	154233	153601	153728	151259	126736
PMAQ_R2_14	254319	227678	226591	226478	219992	166061
PMAQ_R2_15	256711	222810	221751	222007	217441	158129
PMAQ_R2_16	254603	219833	218412	218419	212169	143348
PMAQ_R2_18	184346	162638	162165	162179	159258	139573
PMAQ_R2_19	191359	163438	162984	162866	159324	131587
PMAQ_R2_20	132399	116208	115475	115481	112558	92287
PMAQ_R2_21	278739	242438	241292	241108	235112	164165
PMAQ_R2_22	263555	234982	234280	234217	230508	181912
PMAQ_R2_25	122611	108804	108139	108306	105280	89254
PMAQ_R2_27	72464	66129	65652	65529	63426	43921
PMAQ_R2_28	66846	60821	60354	60349	58540	48480
PMAQ_R2_29	37154	33939	33624	33648	32542	22708
PMAQ_R2_32	29979	27308	27020	26966	26127	21242
PMAQ_R2_35	44491	41288	40859	40875	39841	31805
PMAQ_R2_38	21671	20258	20033	20040	19621	16655
PWAJ_R1_1	79474	70182	63895	66244	43202	25330
PWAJ_R1_3	69338	63061	62370	62261	50388	38995
PWAJ_R1_4	77204	70480	69546	69675	66061	53398
PWAJ_R1_6	100219	92500	91715	91762	86055	72664
PWAJ_R1_7	73173	67756	66777	66681	62360	50479
PWAJ_R1_8	148906	130687	129662	129716	124907	87521
PWAJ_R1_10	74980	68738	67778	67595	63759	50818
PWAJ_R1_14	86849	78407	77000	77140	64804	47686
PWAJ_R1_16	86795	79845	79265	79211	76967	64759
PWAJ_R1_17	63566	58416	57648	57727	55248	47507
PWAJ_R1_19	116781	105825	103929	104028	93698	64705
PWAJ_R1_20	80832	72904	72023	71856	66806	50715
PWAJ_R1_22	82289	74070	73338	73314	69794	59041
PWAJ_R1_24	100355	90873	90086	90060	85508	68822
PWAJ_R1_26	87293	79633	78364	78332	72492	59944
PWAJ_R1_27	199480	183058	182116	181943	177442	150369
PWAJ_R1_28	533488	489145	487317	487421	474414	399649
PWAJ_R1_29	164243	145953	144624	144788	137947	107292
PWAJ_R1_30	137940	124378	123304	123415	112718	91004
PWAJ_R1_31	260157	229628	227430	227442	207489	162408
PWAJ_R1_33	121673	107000	105498	105377	98632	66016
PWAJ_R1_35	140424	125264	124244	124297	114165	85487
PWAJ_R1_37	93591	83551	82571	82455	78697	62383
PWAJ_R1_38	181079	160605	159095	158988	152249	99113
PWAJ_R1_39	161160	141499	140132	139727	133610	83102
PWAJ_R2_1	268285	212691	211695	211794	203559	160182
PWAJ_R2_2	341818	307923	306427	306449	298123	231438
PWAJ_R2_3	153191	137131	136309	136225	132434	95779
PWAJ_R2_4	210444	188967	188056	188011	182934	134811
PWAJ_R2_5	222866	200209	198341	198343	187257	128417
PWAJ_R2_7	153456	137901	136994	136877	131146	96878
PWAJ_R2_8	141410	127287	126512	126658	122356	84705
PWAJ_R2_9	120550	110372	109695	109451	106464	78202
PWAJ_R2_10	114961	104514	103583	103474	99400	79966
PWAJ_R2_11	234120	209953	207761	207762	195378	118671
PWAJ_R2_12	264652	243741	242769	242887	237916	195429
PWAJ_R2_13	119878	105908	104714	104717	99241	76681
PWAJ_R2_14	190288	174355	173339	173305	167406	139486
PWAJ_R2_15	225179	205093	203627	203463	197169	144373
PWAJ_R2_16	138917	128166	127246	127266	123184	103858
PWAJ_R2_17	103289	92854	91832	91993	87600	56807
PWAJ_R2_18	199898	180675	178713	178825	168858	127699
PWAJ_R2_19	134605	123679	122506	122384	117404	92328
PWAJ_R2_24	342838	316545	315627	315821	306791	254729
PWAJ_R2_25	222354	204420	202741	202764	192504	142037
PWAJ_R2_26	134914	113371	112621	112507	108021	87256
PWAJ_R2_27	170041	155656	155006	154952	151425	118857
PWAJ_R2_28	254751	237167	236449	236321	231565	193860
PWAJ_R2_29	198301	179781	178469	178329	171826	139664
PWAJ_R2_30	222604	204432	203310	203183	197194	167546
PWAJ_R3_1	414512	347709	346550	346379	338795	236527
PWAJ_R3_2	233402	213312	211994	211859	204745	143711
PWAJ_R3_3	219855	198107	197308	197210	188889	145350
PWAJ_R3_4	175319	154412	152938	153266	147657	115125
PWAJ_R3_6	141728	128594	128167	128042	125745	106921
PWAJ_R3_8	264057	243502	242534	242166	236263	181771
PWAJ_R3_9	132296	121860	121161	121016	118347	68125
PWAJ_R3_10	114425	105684	105069	105239	103363	75328
PWAJ_R3_11	221308	185968	185068	185159	179182	131894
PWAJ_R3_13	239145	216361	215066	215020	206041	152191
PWAJ_R3_17	407640	368120	366352	367011	359636	248235
PWAJ_R3_18	174349	159073	158188	158317	153754	129428
PWAJ_R3_21	168641	154517	153675	153270	148360	113950
PWAJ_R3_22	180661	164587	163634	163218	157922	118906
PWAJ_R3_23	182521	163301	162216	162072	152435	108788
PWAJ_R3_25	382094	347209	345524	345721	335478	260221
PWAJ_R3_27	160315	149662	148924	149008	146117	122356
PWAJ_R3_28	186767	172971	172063	171754	166510	127511
PWAJ_R3_29	200667	180505	179172	179268	172874	106539
PWAJ_R3_30	200152	176447	175447	175258	168558	120491
PYAN_R1_1	299588	274865	273858	273780	256546	205468
PYAN_R1_2	162904	150382	149193	149164	142815	113052
PYAN_R1_3	358866	290548	289329	289242	278995	208603
PYAN_R1_6	258133	237907	236896	236977	229104	188064
PYAN_R1_7	196617	180157	179211	179123	173444	142027
PYAN_R1_8	166882	154329	153753	153681	149166	118323
PYAN_R1_9	106969	99829	99134	99057	95764	79766
PYAN_R1_10	249031	223146	221942	221941	214630	170775
PYAN_R1_11	105238	95910	95416	95271	92941	79120
PYAN_R1_12	110950	99134	98592	98678	95513	70222
PYAN_R1_13	113399	101872	101023	101135	96370	77954
PYAN_R1_14	294859	261028	259756	259609	237603	178056
PYAN_R1_17	177810	160741	160040	160041	153427	125973
PYAN_R1_18	212623	195162	194387	194364	188610	150097
PYAN_R1_19	185646	166530	165527	165388	158898	113245
PYAN_R1_22	97075	88171	87583	87652	84922	70689
PYAN_R1_23	103920	91327	90695	90656	86986	64708
PYAN_R1_25	116575	104837	103722	103990	98672	80826
PYAN_R1_26	180720	160503	159478	159632	154994	121204
PYAN_R1_27	477113	418128	416344	416314	401330	322501
PYAN_R1_29	123045	107928	107231	107055	103671	77428
PYAN_R1_30	97485	85469	84381	84575	78963	65052
PYAN_R3_1	160727	144501	143528	143527	138184	105466
PYAN_R3_2	188998	166712	166036	165963	162689	117203
PYAN_R3_3	159377	144833	144274	144143	141296	117660
PYAN_R3_5	97441	88424	88091	87989	86732	75398
PYAN_R3_6	101401	91127	90451	90459	88138	74782
PYAN_R3_7	141502	124121	123392	123202	119266	84418
PYAN_R3_8	94349	84093	83573	83510	77999	57199
PYAN_R3_9	88617	80773	80300	80282	78223	61415
PYAN_R3_10	136405	121513	120536	120424	116201	82767
PYAN_R3_11	200930	171990	170643	170932	165213	140942
PYAN_R3_13	140005	124640	124305	124142	121447	102506
PYAN_R3_15	117255	103384	102754	102739	99824	82564
PYAN_R3_16	108963	100027	99517	99310	96937	82741
PYAN_R3_17	108629	98866	98096	98123	95236	73064
PYAN_R3_19	171688	154214	153586	153720	150381	115380
PYAN_R3_21	116483	107852	107472	107408	106120	89382
PYAN_R3_23	115850	106551	105750	105751	103149	82719
PYAN_R3_27	85020	72904	72022	72125	68008	49763
PYAN_R3_29	83823	75065	74041	74029	70782	56525
PYAN_R3_30	100563	91712	91105	91116	87910	64060
PKAU_R1_1	125996	111429	109717	110075	102335	82149
PKAU_R1_2	212103	184017	182305	182547	173982	130433
PKAU_R1_4	231385	206942	204664	205162	196124	111404
PKAU_R1_7	166809	145699	143755	143959	133369	85147
PKAU_R1_8	146013	132036	130199	130235	121134	79513
PKAU_R1_10	197602	169613	167305	167681	156725	99605
PKAU_R1_11	163288	148426	147386	147328	138112	107692
PKAU_R1_40	139075	125938	124318	124299	111284	87228
PKAU_R1_14	312843	277500	275613	275846	266808	192440
PKAU_R1_16	438878	393206	389280	389788	371351	246854
PKAU_R1_17	127105	116578	114884	115213	108429	82629
PKAU_R1_19	250849	222833	220351	220778	207295	142200
PKAU_R1_20	144878	128757	127075	126822	119436	86163
PKAU_R1_22	193477	175830	175645	175513	172422	159107
PKAU_R1_23	184962	165818	164101	164129	156086	112554
PKAU_R1_25	161626	142122	140156	140534	132051	95741
PKAU_R1_26	206290	184736	183955	183842	179526	136181
PKAU_R1_28	364798	324258	322638	322350	314137	226359
PKAU_R1_29	210729	188479	186259	186462	176593	143248
PKAU_R1_31	250878	224628	223311	223094	216254	170224
PKAU_R1_32	125632	114334	113349	113256	108727	88416
PKAU_R1_34	245722	215670	214136	213898	205966	157251
PKAU_R1_35	277661	246346	244171	244019	231237	138967
PKAU_R1_37	175430	158877	157414	157452	149321	113479
PKAU_R1_38	34219	1223	1141	1134	1068	1018
PKAU_R2_1	241822	221496	220381	220832	216193	165752
PKAU_R2_2	129951	118358	117472	117494	112440	71138
PKAU_R2_3	109730	100281	99694	99598	95590	60821
PKAU_R2_5	117056	107743	106977	106852	102423	63957
PKAU_R2_6	197087	180679	179673	179614	173051	104152
PKAU_R2_7	185724	170573	169540	169714	163659	96210
PKAU_R2_9	136705	124999	123147	123541	114780	74526
PKAU_R2_10	194660	180261	179323	179333	173083	114530
PKAU_R2_11	146158	134574	134380	134265	132759	98571
PKAU_R2_13	149436	136252	134931	135102	129631	86804
PKAU_R2_14	180526	165742	164617	164568	159071	112402
PKAU_R2_15	157207	143131	141694	142066	134946	92813
PKAU_R2_17	152069	138915	137436	137691	130578	90545
PKAU_R2_18	224671	206392	205420	205253	198432	128722
PKAU_R2_19	238990	217316	216207	216172	207733	139053
PKAU_R2_21	282469	247817	246345	246257	238688	176330
PKAU_R2_22	224152	205997	204880	204848	196704	124157
PKAU_R2_23	290931	269117	267809	267762	259457	189567
PKAU_R2_25	189990	174009	172895	172933	165553	113092
PKAU_R2_26	248396	230042	228822	228636	220310	136278
PKAU_R2_27	253450	233651	232650	232784	226149	151837
PKAU_R2_29	238645	221362	220336	220368	213197	142137
PKAU_R2_30	165416	151854	150785	150752	143908	98540
PKAU_R2_31	181115	163912	162195	162574	152938	92302
PKAU_R3_1	211319	188882	186607	187051	175720	129488
PKAU_R2_33	223005	202128	201246	201266	194436	131124
PKAU_R3_2	172328	149857	147750	147939	136952	94500
PKAU_R3_3	331229	297076	294616	294327	279885	174962
PKAU_R3_4	324466	288946	285945	285662	269642	191686
PKAU_R3_5	330779	293491	291238	291569	280831	213261
PKAU_R3_6	163382	148618	147604	147317	143503	114176
PKAU_R3_7	194250	175689	174095	173951	165701	123659
PKAU_R3_9	200226	173782	171794	171732	163080	114367
PKAU_R3_10	197423	174637	171004	171658	154931	88734
PKAU_R3_11	146688	127673	125459	125600	114880	73811
PKAU_R3_12	145871	128324	125560	125784	114728	80889
PKAU_R3_13	271941	243090	241526	241712	233462	176348
PKAU_R3_14	109189	99500	98793	98838	95328	76885
PKAU_R3_15	173722	154356	152029	152482	139295	94343
PKAU_R3_17	170737	154083	152894	153095	146763	102923
PKAU_R3_18	216145	196613	194207	194250	180193	120737
PKAU_R3_19	73894	66814	65798	65829	62144	45704
PKAU_R3_20	142465	123224	121934	122071	116003	80620
PKAU_R3_21	177867	157901	154669	155685	139449	74934
PKAU_R3_22	147025	133634	131596	131682	122318	86238
PKAU_R3_23	117216	104638	102520	102757	92707	57016
PKAU_R3_25	126992	111547	108553	109350	96965	56468
PKAU_R3_26	174889	154632	150154	151129	132008	81555
PKAU_R3_27	255638	197793	195122	195684	182437	136628
PKAU_R3_28	246008	206730	204451	204580	189144	133092
PDOG_R1_1	298109	242374	241047	241220	229278	186791
PDOG_R1_2	248819	215875	214127	214583	203195	158184
PDOG_R1_5	274799	236493	235135	235076	225150	167949
PDOG_R1_6	235109	202818	201639	201560	193471	145762
PDOG_R1_7	223639	190806	188688	189152	177444	127627
PDOG_R1_8	213660	183601	181276	181911	167940	129578
PDOG_R1_9	220790	190130	188206	188383	177546	127026
PDOG_R1_12	185686	152579	148682	149679	121540	64984
PDOG_R1_13	194247	163321	160787	161468	148232	115297
PDOG_R1_14	212184	183442	181815	182244	173599	141131
PDOG_R1_16	275945	212888	210956	211352	199561	164187
PDOG_R1_18	269322	228441	227204	227354	218337	164600
PDOG_R1_19	317749	259846	254756	256625	223254	164075
PDOG_R1_20	174228	150029	148607	148810	140290	102124
PDOG_R1_21	248763	214169	212167	212317	199239	152883
PDOG_R1_22	282182	246717	245211	245356	235184	186731
PDOG_R1_23	268119	227720	223354	224693	195557	122330
PDOG_R1_24	257310	220815	219305	219253	204924	144830
PDOG_R1_27	254075	218172	214503	215730	195855	137719
PDOG_R1_28	240736	205734	204444	204680	194634	157469
PDOG_R1_29	204957	171277	168481	169241	152002	108178
PDOG_R1_30	236967	165504	163443	163702	152035	114702
PDOG_R2_1	283438	237396	235535	235772	220748	185462
PDOG_R2_2	238271	191627	188506	189607	173302	133132
PDOG_R2_3	286278	227961	224952	225874	202773	146201
PDOG_R2_5	242593	198521	195311	196151	179647	133054
PDOG_R2_6	318842	252254	248324	248837	222323	113990
PDOG_R2_8	227305	188037	184925	185542	163760	103035
PDOG_R2_9	252144	207856	205269	206242	189542	125327
PDOG_R2_10	206151	166182	164722	164783	155566	101143
PDOG_R2_11	219544	177563	174300	175533	155962	105091
PDOG_R2_12	209167	167515	165388	165962	153481	105109
PDOG_R2_15	235029	189772	186392	187392	163050	109780
PDOG_R2_17	253967	205553	202099	202547	180998	107838
PDOG_R2_19	233353	183281	180752	181770	168662	121499
PDOG_R2_20	253685	199463	196861	197606	177890	114305
PDOG_R2_21	252916	195658	193422	194048	172315	111294
PDOG_R2_22	226398	185640	182361	183379	163577	97374
PDOG_R2_23	253008	213106	209236	210385	184258	119973
PDOG_R2_24	210202	173767	171345	171962	157905	94341
PDOG_R2_25	174924	147330	144678	145277	128198	76819
PDOG_R2_26	157078	133110	131966	131999	125339	91269
PDOG_R2_27	227358	171651	167686	168953	142619	80466
PDOG_R3_1	196166	153290	151040	151692	140743	106870
PDOG_R3_5	235226	191865	190036	190743	181013	137105
PDOG_R3_6	203083	168063	165629	166067	154147	117831
PDOG_R3_7	253876	212846	209873	210657	192834	158749
PDOG_R3_8	246305	203118	201803	202254	191545	154491
PDOG_R3_9	278485	219564	218373	218629	206860	172066
PDOG_R3_10	193027	161516	159984	160242	150824	112809
PDOG_R3_11	240260	202627	200915	201045	188942	138915
PDOG_R3_12	270954	227778	226319	226568	216182	161532
PDOG_R3_14	184171	156788	154995	155168	144704	105471
PDOG_R3_16	191036	159828	158169	158290	148574	109443
PDOG_R3_18	185167	157102	155967	155699	146922	110627
PDOG_R3_19	246682	209759	208333	208460	198628	147330
PDOG_R3_20	266447	216242	214178	214638	198571	143949
PDOG_R3_21	266860	221306	217754	218785	198915	131778
PDOG_R3_24	223142	183558	181931	182414	171823	127270
PDOG_R3_26	194444	161156	158414	159066	144560	103577
PDOG_R3_27	270038	216025	214555	214422	201901	151164
PDOG_R3_28	194192	167559	165680	165975	152479	110822
PDOG_R3_29	253084	217961	215737	216074	197246	118382
PDOG_R3_30	246579	207814	205553	206196	192739	147037
PFAR_R3_1	212356	181031	179410	179679	171114	131199
PFAR_R3_2	194075	163701	162529	162347	154979	103890
PFAR_R3_3	212339	169653	167314	167706	155179	100314
PFAR_R3_4	270169	217089	212876	213567	194572	107843
PFAR_R3_8	290363	232834	230052	230477	211414	139120
PFAR_R3_9	238608	193953	189674	191238	171655	129198
PFAR_R3_10	232128	191800	190513	191231	176709	124704
PFAR_R3_12	225445	176464	174324	174427	158180	93622
PFAR_R3_14	214879	172178	170066	170651	157766	109712
PFAR_R3_15	205677	173412	171167	171632	161723	113264
PFAR_R3_16	233906	194934	192844	192700	181388	116096
PFAR_R3_17	232869	193396	191094	191723	181285	123014
PFAR_R3_18	215202	183384	181237	181628	169480	122135
PFAR_R3_19	172646	142006	140082	140091	130855	89396
PFAR_R3_20	253234	213023	210868	211616	197833	135542
PFAR_R3_21	244590	203912	200551	201502	180516	104670
PFAR_R3_22	277968	231303	227933	228629	209180	133458
PFAR_R3_23	238708	205166	203079	203260	187347	125730
PFAR_R3_24	267952	216017	213182	213995	198620	160407
PFAR_R3_25	262549	212279	210168	210379	198529	125097
PFAR_R3_26	274135	209719	207092	207048	188919	126508
PFAR_R3_27	191469	163623	161444	161647	152329	106570
PFAR_R3_28	308628	243734	241150	241605	228127	167231
PFAR_R3_29	261588	214487	206656	208753	167459	95008
PFAR_R3_30	275307	235668	233982	234119	223336	165616
PFAR_R3_05	233287	179672	178032	178399	167883	127052
Neg1	404602	210750	210373	210419	205329	180478
Neg2	421908	6184	6119	6123	5856	5816